5
467 500
724 358 464 145 827 491 942 436 604 153 382 716 895 726 538 912 299 894 811 333 664 711 868 644 757 859 741 778 35 842 106 942 648 805 729 350 101 548 623 954 840 376 308 439 323 538 82 541 115 658 930 306 386 745 72 829 573 512 290 636 767 574 52 150 724 430 191 337 287 383 909 758 588 946 30 168 591 655 359 537 483 41 350 836 20 21 199 484 734 999 938 788 467 893 483 421 617 514 616 451 249 556 303 8 609 702 485 343 587 503 200 618 796 281 798 157 622 292 179 657 191 888 511 634 55 646 886 433 142 416 998 651 699 476 389 712 510 869 688 789 423 585 285 426 757 932 154 189 329 692 555 549 512 60 753 423 996 529 437 949 195 416 105 282 734 701 671 263 355 53 808 945 756 558 982 144 222 161 450 466 659 439 24 510 649 313 22 18 905 391 625 414 824 874 159 70 297 177 270 668 985 480 627 99 625 924 972 181 432 593 31 142 286 900 360 974 170 833 760 667 550 694 624 125 694 302 466 593 484 464 152 87 926 757 315 227 758 109 86 487 474 627 928 520 962 596 261 525 260 116 326 771 547 520 924 763 851 829 713 578 7 200 439 760 324 108 887 850 428 384 540 704 356 350 485 216 357 357 271 361 22 112 696 41 129 565 932 855 962 734 972 369 963 483 635 848 938 142 511 175 825 870 934 783 398 701 734 534 993 705 548 300 641 855 462 877 678 443 673 313 72 610 932 695 831 488 90 589 145 314 740 258 759 605 181 829 608 997 556 627 541 240 174 77 683 992 601 759 428 84 786 970 847 503 663 363 171 240 542 913 704 232 205 539 422 247 648 864 75 712 678 262 985 944 540 508 870 323 472 87 763 103 527 969 565 543 88 637 463 681 342 60 758 888 690 843 620 67 783 226 38 629 748 359 766 955 726 25 1 496 515 342 913 196 72 606 429 705 812 93 36 141 994 652 838 355 131 841 11 186 650 634 353 452 262 454 634 256 124 213 28 80 858 155 264 676 909 561 948 653 220 923 369 259 619 3 781 392 313 589 938 410 234 961 493 269 869
0 337 264
1
1
0 162 954
0 3 815
1
0 386 788
1
0 348 790
0 17 200
1
1
1
1
1
0 192 693
1
0 466 864
0 133 726
0 454 686
0 452 415
1
0 126 531
0 78 307
0 206 809
1
0 248 345
0 19 114
0 7 52
1
0 181 498
1
0 189 392
0 277 807
0 367 799
0 227 575
1
1
1
0 229 925
0 254 147
0 263 754
0 110 569
1
1
0 124 570
0 190 524
1
1
0 344 336
0 335 164
1
0 163 623
0 160 85
0 100 826
0 388 819
1
1
1
0 293 609
0 233 300
1
0 279 31
0 202 779
1
0 235 364
0 329 821
1
1
0 78 754
1
0 212 967
1
0 24 486
0 413 700
0 351 974
0 329 376
0 289 776
0 415 925
1
0 42 668
1
1
1
0 408 27
1
1
1
0 129 111
0 186 681
1
0 422 830
1
0 417 381
1
1
1
0 147 58
0 53 258
0 123 610
1
1
1
1
0 326 598
0 288 278
1
0 363 360
0 334 840
1
0 161 328
0 153 252
0 96 497
1
0 237 648
1
0 249 990
0 411 544
1
0 260 193
0 316 497
1
0 360 549
1
1
1
0 418 582
1
1
0 401 8
1
1
0 274 611
0 318 683
1
1
0 264 615
0 361 32
1
0 254 882
1
1
0 307 178
0 193 729
0 154 899
0 42 243
1
1
0 101 986
1
0 29 791
1
1
1
0 404 551
1
0 446 97
1
0 191 140
0 78 489
1
0 22 432
0 319 641
1
0 306 447
1
0 160 486
0 361 777
1
1
0 129 821
1
0 373 135
0 361 253
0 193 232
0 189 801
1
1
1
0 84 353
0 194 465
0 271 381
1
0 20 320
1
0 420 206
1
0 238 788
0 415 15
0 106 97
1
1
0 14 813
0 368 267
1
1
1
1
1
1
0 68 406
0 373 537
1
1
0 278 761
0 155 665
1
1
1
0 461 343
0 449 713
1
0 115 933
1
1
0 103 835
1
0 86 156
0 13 562
0 273 202
0 140 493
1
0 240 72
0 356 588
0 390 9
0 176 742
0 374 368
0 413 759
0 40 199
1
1
1
0 403 83
0 184 229
0 5 47
0 173 540
0 450 945
1
0 54 6
0 165 88
0 425 965
1
0 276 457
0 157 844
0 132 723
1
0 414 363
1
1
1
0 116 151
0 45 882
1
0 271 290
1
0 312 981
0 24 846
0 14 489
1
0 190 908
0 221 855
0 109 75
0 70 779
0 282 118
1
1
1
1
0 303 580
0 153 790
1
0 376 591
1
1
1
1
1
1
0 68 639
0 439 838
0 83 23
1
1
1
0 192 637
0 263 935
0 331 189
0 434 566
1
1
1
0 196 547
1
1
1
0 65 967
0 59 975
0 235 803
1
1
1
0 403 300
1
1
1
1
1
0 367 641
0 310 302
0 262 895
0 97 699
1
1
1
1
0 418 385
1
1
1
0 103 730
0 286 363
1
1
0 461 103
1
0 210 834
1
1
1
0 399 220
1
1
0 156 262
1
0 24 917
1
1
0 176 81
1
0 336 172
0 25 490
0 80 643
1
0 182 782
0 210 997
1
1
1
1
0 28 765
1
0 226 421
1
1
1
0 205 461
0 24 622
1
0 14 493
0 73 538
1
0 111 433
1
1
0 324 792
1
1
0 304 498
1
1
1
1
1
1
0 150 434
1
0 4 308
1
1
1
0 325 743
1
0 143 858
0 26 364
1
0 177 570
0 2 109
0 173 686
0 296 862
0 341 428
1
1
1
1
0 165 773
0 437 1
0 194 71
0 42 718
0 286 162
1
1
1
0 387 645
0 230 862
0 56 542
1
1
0 193 736
1
1
1
1
1
0 199 95
1
0 53 259
0 158 119
0 183 915
1
0 376 759
1
0 50 798
1
0 414 862
0 141 85
1
1
1
0 150 790
1
0 262 998
0 248 376
1
0 458 102
0 221 984
0 234 814
0 436 554
0 403 321
1
0 327 533
0 331 260
0 388 113
1
1
1
1
0 305 507
1
0 57 790
0 453 472
1
1
0 280 761
1
1
0 57 519
1
1
1
0 106 471
0 228 229
0 118 470
1
1
1
0 297 629
0 111 452
0 252 631
0 190 320
0 52 842
1
0 96 43
1
0 7 792
1
1
0 308 551
1
1
0 345 144
0 29 308
0 113 346
1
1
1
1
0 461 369
1
0 385 441
1
1
1
0 382 367
1
1
0 423 171
0 389 47
1
1
0 36 530
377 586
489 744 610 919 927 119 716 396 458 593 849 272 294 333 229 428 241 688 33 270 261 208 162 878 897 538 783 795 633 557 134 135 593 693 951 94 174 97 695 492 237 613 710 628 786 840 569 393 962 527 194 713 913 664 995 381 909 768 511 235 633 862 577 340 100 558 154 430 295 623 927 211 754 253 321 528 0 671 452 631 934 986 248 765 312 52 987 557 556 450 301 99 44 75 50 66 801 843 380 918 363 329 854 979 666 577 402 292 872 323 948 197 908 993 781 610 256 965 769 253 684 145 833 900 994 885 281 256 872 901 635 471 137 768 995 603 11 34 593 161 258 906 443 227 484 93 224 582 627 146 589 237 759 956 403 300 225 595 615 6 641 698 313 312 457 339 94 43 911 455 847 990 327 454 472 241 646 213 929 403 993 187 79 125 860 907 692 117 403 893 11 28 748 892 654 353 547 826 904 571 405 56 267 19 166 846 187 912 299 897 328 104 768 296 720 918 219 174 459 14 503 851 814 651 290 683 584 586 248 397 168 148 382 669 877 104 943 811 892 990 890 74 774 173 218 833 911 463 149 245 920 271 421 157 982 122 906 189 345 923 550 836 406 813 880 743 245 949 514 227 204 917 555 286 698 411 758 775 132 296 112 529 836 553 670 652 397 1 693 916 328 125 296 544 826 758 21 108 628 947 280 128 426 677 47 231 684 769 956 945 16 497 190 49 886 675 377 487 482 0 289 215 310 799 707 304 485 792 612 983 129 33 864 857 710 708 732 684 701 583 692 87 810 835 615 677 134 533 286 734 349 984 792 822 913 473 160 53 822 337 6 197 236 599 898 447 592 996 828 342 795 37 767 793 146 924 465
0 79 492
1
0 375 727
1
0 130 915
0 238 37
1
1
0 153 285
0 225 8
0 95 470
0 351 700
0 277 504
0 259 506
0 233 678
1
0 15 996
1
0 33 402
0 1 350
0 21 301
1
0 282 144
1
1
1
0 307 979
0 140 977
1
1
1
0 194 358
0 107 202
1
1
1
1
0 239 816
1
1
1
0 127 184
1
0 36 595
1
1
0 215 967
0 37 441
0 370 872
1
1
0 92 974
0 195 581
0 133 27
1
1
1
1
1
0 126 157
0 260 789
0 72 326
0 318 346
1
1
0 37 210
0 21 852
1
0 184 534
0 153 790
0 332 425
0 166 193
1
0 295 420
0 208 390
1
1
1
0 266 145
1
1
0 2 211
1
0 177 155
0 151 510
1
0 197 42
0 61 200
0 38 611
1
0 308 79
1
1
1
0 14 997
0 30 984
1
1
0 355 169
1
0 143 75
0 129 128
0 326 168
0 121 697
1
1
0 176 633
0 86 488
0 84 415
1
0 211 657
1
0 75 631
0 190 672
0 12 898
0 26 794
1
1
1
1
0 269 466
0 215 142
0 333 270
1
1
0 371 183
0 68 187
1
0 341 832
1
0 189 39
0 339 675
0 15 735
1
0 249 785
1
1
1
0 144 85
0 271 688
1
0 43 386
1
1
0 108 572
0 17 80
0 167 867
1
0 345 256
1
0 237 566
0 374 364
0 293 814
0 220 525
1
0 336 421
1
1
1
0 99 53
1
1
1
1
0 74 966
1
0 179 936
1
1
1
1
0 121 417
1
1
0 328 305
0 253 519
1
0 201 271
0 50 552
0 269 357
0 173 259
1
1
1
0 121 843
1
0 257 57
1
1
1
1
0 48 480
0 369 557
0 217 332
0 46 74
0 262 714
1
1
1
0 196 128
1
1
0 204 159
0 351 147
1
0 59 589
0 141 372
0 140 539
0 281 827
0 295 644
0 370 952
0 176 288
1
0 65 616
0 307 49
0 226 416
1
0 331 443
1
1
1
0 79 74
0 278 26
1
1
0 57 922
1
0 136 253
0 288 369
0 236 226
0 259 503
1
1
0 167 961
1
0 78 196
1
0 115 158
0 312 526
0 306 588
1
0 168 623
0 18 149
0 321 804
1
1
0 114 99
0 273 959
0 360 778
0 174 125
0 66 64
1
1
1
1
0 105 64
0 18 438
1
0 128 769
0 142 61
0 100 4
1
0 332 665
1
0 9 579
0 357 267
1
0 203 235
0 265 545
1
0 58 273
0 253 886
1
1
0 118 454
1
1
1
1
1
0 284 119
1
0 153 153
0 168 134
1
1
1
1
1
0 5 268
1
1
0 57 182
0 63 399
1
0 344 406
0 153 35
0 372 949
1
1
1
1
0 313 935
1
0 162 499
0 149 287
0 225 83
0 301 920
1
0 68 470
0 358 946
1
1
0 40 58
1
0 156 736
1
0 164 727
0 217 370
1
1
1
1
1
1
0 365 467
0 204 757
1
1
1
1
1
1
1
1
1
0 100 717
1
1
0 209 30
0 353 358
1
0 298 99
0 103 64
1
0 24 826
0 196 865
1
1
0 229 666
1
0 258 43
0 176 934
1
0 165 82
1
0 56 864
1
0 273 744
0 51 819
1
0 272 156
0 169 553
1
0 196 527
0 177 192
0 49 282
1
1
1
0 230 26
1
1
1
1
0 289 491
1
1
1
0 364 467
0 357 429
1
1
1
0 301 77
0 364 249
0 240 395
1
1
0 257 820
0 302 100
0 104 622
0 306 782
0 333 923
1
0 182 668
1
1
1
1
0 289 448
0 158 825
0 129 775
1
1
0 288 494
0 28 672
1
1
1
1
1
0 365 632
1
1
0 268 361
1
0 203 970
0 325 210
1
0 7 261
1
0 231 295
0 309 812
0 215 611
1
0 347 268
1
1
0 143 550
1
1
0 246 256
1
1
0 75 219
1
1
0 123 725
0 371 963
1
0 105 67
1
1
1
1
1
0 323 48
1
0 270 362
0 287 784
0 57 429
1
1
0 42 136
0 32 193
1
1
0 343 653
0 132 953
1
0 114 966
0 24 144
1
0 202 610
1
1
1
0 326 558
0 58 457
0 84 260
1
0 304 411
1
0 39 271
1
1
1
0 229 10
0 42 419
1
1
1
1
0 45 812
0 93 551
0 200 228
1
1
1
1
1
1
0 306 149
0 140 815
1
1
0 360 768
1
0 140 731
1
0 20 972
1
1
1
1
0 329 45
0 49 403
1
0 71 793
1
0 268 299
0 264 957
1
1
0 244 183
0 33 476
1
1
1
1
1
1
0 293 350
1
0 41 177
0 114 722
0 359 884
1
1
0 373 427
0 250 350
0 307 371
0 193 953
1
1
0 93 265
0 176 512
0 64 773
0 202 214
1
1
0 97 374
0 284 237
1
1
1
0 271 85
0 25 650
0 129 499
1
0 163 537
1
1
1
1
1
1
0 335 670
1
1
1
1
0 168 124
0 184 818
1
0 158 149
0 94 338
1
0 231 966
1
1
1
1
0 374 23
0 179 999
0 50 884
1
0 191 987
1
1
1
1
0 76 435
1
1
891 538
776 991 409 197 128 759 440 494 620 146 486 943 474 788 827 504 246 285 350 673 312 883 768 683 987 245 639 248 207 954 940 718 377 472 885 720 702 606 924 37 699 890 606 975 792 547 684 829 705 689 870 282 180 72 51 755 477 729 851 237 676 73 197 125 62 560 73 709 224 682 815 446 568 361 286 89 604 594 598 533 184 964 14 996 148 396 791 589 355 251 271 228 454 430 991 853 567 877 197 773 862 429 539 841 520 47 382 989 403 462 392 63 611 692 270 849 576 486 603 498 878 723 411 117 227 290 801 544 12 433 401 135 633 134 671 263 540 282 366 227 71 305 434 555 299 75 439 488 673 358 487 713 452 978 704 649 837 459 955 526 366 155 446 635 936 238 403 599 925 324 863 276 334 426 244 761 175 696 471 713 30 109 59 546 103 391 196 950 435 667 165 973 516 515 243 497 91 563 7 121 658 275 576 919 611 209 263 514 783 988 705 940 391 985 320 997 703 562 554 302 629 26 528 679 199 442 16 98 730 551 444 485 572 858 129 860 627 422 473 333 51 534 322 202 580 388 885 610 274 99 55 65 572 726 523 587 997 175 678 893 406 489 521 964 113 710 763 188 264 754 316 586 524 302 659 682 574 566 754 850 226 602 901 749 102 881 710 489 184 106 987 490 518 353 662 213 115 785 564 837 784 972 544 257 129 340 901 876 500 613 311 332 814 216 834 252 141 450 569 562 111 11 321 345 850 664 444 736 25 953 6 129 70 228 59 715 178 384 383 737 30 315 21 752 446 4 825 549 529 9 429 133 746 283 439 835 570 629 521 189 444 705 713 999 615 58 383 943 831 251 290 295 61 767 34 191 378 879 615 72 952 823 537 610 978 161 718 183 695 72 703 845 50 142 155 768 301 847 187 309 633 140 724 200 31 217 584 344 19 367 174 30 716 699 685 321 541 573 452 229 159 665 950 591 213 986 190 906 622 666 991 566 279 867 103 20 534 833 287 827 624 918 244 86 508 597 121 907 22 991 251 965 980 465 300 235 612 876 289 199 461 131 700 80 545 168 762 633 82 560 141 336 833 827 28 984 168 397 406 463 690 344 643 464 558 911 947 129 80 764 76 118 847 547 832 837 896 324 653 841 729 565 532 719 439 238 803 620 849 524 787 629 898 638 2 485 211 827 930 82 831 290 256 448 126 64 293 437 338 70 345 59 221 560 923 905 313 984 234 970 157 856 592 733 383 499 90 100 573 885 209 981 699 407 219 427 560 452 603 398 569 990 557 319 149 946 467 509 479 207 138 699 14 355 765 720 264 703 50 301 427 910 824 98 131 754 903 609 32 630 432 90 132 517 321 805 721 970 394 227 577 205 642 318 724 365 171 844 509 872 874 697 941 341 968 321 727 283 932 162 35 135 534 728 724 233 125 782 65 264 322 908 631 426 563 419 741 76 521 587 239 552 474 742 900 234 680 923 168 634 544 708 219 349 580 448 119 340 770 433 622 540 250 247 50 396 331 51 139 370 143 973 957 366 843 814 471 261 920 327 53 528 597 881 310 578 90 234 247 422 974 22 519 966 794 324 89 797 460 573 605 438 518 944 15 323 124 369 670 15 729 37 830 300 794 303 959 206 969 455 651 677 539 502 196 23 723 371 620 156 149 497 443 392 204 294 149 581 845 245 433 399 297 941 99 974 759 145 659 767 968 94 796 923 417 368 781 574 884 468 204 921 911 951 342 425 451 198 480 382 614 204 9 5 666 80 541 886 733 724 292 951 527 287 920 127 710 803 483 635 277 80 711 853 408 448 141 416 818 984 974 885 960 85 101 505 796 109 987 525 802 746 352 989 398 18 257 873 68 610 125 839 518 518 167 166 226 882 760 557 554 61 521 98 258 345 189 956 725 532 421 762 208 530 490 569 253 656 583 593 362 666 219 664 608 14 212 622 492 999 271 192 217 988 89 414 268 358 745 797 647 237 907 549 39 12 431 691 845 416 56 872 8 309 358 744 930 649 868 901 255
1
0 123 818
1
0 552 840
0 833 250
1
1
0 296 526
0 864 825
1
0 639 758
1
0 251 980
0 213 118
1
1
0 838 874
1
0 24 148
1
0 613 638
1
1
1
0 185 316
1
1
0 61 999
0 366 86
1
1
0 52 37
0 838 612
0 46 191
0 576 728
0 695 477
1
1
1
0 470 84
0 138 337
0 756 637
0 874 269
1
0 481 297
1
1
1
0 429 454
0 514 174
1
1
1
1
1
0 716 921
0 181 714
1
1
1
0 87 752
0 354 550
1
0 156 625
0 783 611
1
0 239 747
1
0 403 515
0 162 23
0 356 707
1
0 29 530
0 622 905
1
0 594 684
0 806 47
0 166 746
1
0 886 791
0 481 958
1
1
0 199 909
1
1
1
1
0 813 697
1
1
0 606 988
0 301 966
0 454 359
0 119 866
1
0 610 166
1
0 16 946
0 885 266
0 395 359
1
0 597 444
1
1
1
0 599 740
0 691 863
1
0 4 720
1
0 780 795
1
0 163 140
0 324 445
1
1
1
1
1
0 206 803
0 444 777
1
0 838 108
1
1
0 228 857
1
0 56 583
1
0 753 418
1
0 566 975
1
1
0 212 586
0 120 119
0 36 341
0 382 212
1
0 76 749
0 873 606
1
1
1
0 655 380
1
0 771 426
1
0 858 727
0 781 347
1
1
1
1
0 39 75
0 267 856
0 631 966
1
0 278 763
1
0 365 491
0 449 693
1
1
0 372 241
0 216 412
1
0 159 163
0 320 678
1
1
1
0 375 993
0 861 569
1
1
1
1
0 518 456
1
0 102 990
1
1
0 445 173
1
0 495 102
0 771 8
1
1
0 844 467
1
1
1
0 28 440
1
1
0 632 709
0 587 420
0 135 252
0 205 102
0 211 219
0 103 693
1
1
0 436 25
0 402 53
0 450 634
0 145 375
1
0 94 469
0 501 633
1
0 37 249
0 859 57
0 212 163
0 52 499
0 367 232
0 719 993
0 630 617
0 60 602
0 167 306
0 551 336
0 238 616
0 837 42
0 249 981
1
1
1
1
0 73 640
1
0 355 65
0 47 402
1
0 212 35
1
1
0 324 576
0 537 725
1
0 383 168
0 567 948
1
1
1
0 634 503
1
1
0 84 99
1
0 741 692
0 331 567
1
0 266 845
0 12 277
0 415 311
1
0 152 760
0 136 526
1
0 14 220
0 261 390
1
1
0 190 48
1
1
1
0 759 452
1
0 786 391
0 304 690
1
1
0 365 48
1
1
1
0 82 653
1
1
0 746 188
0 418 666
1
1
1
1
0 685 219
1
1
1
0 408 525
1
1
0 759 730
1
0 322 236
0 215 652
0 28 599
0 402 684
1
1
1
0 827 140
0 598 94
1
1
0 501 368
1
0 416 333
1
1
1
0 145 595
1
1
0 447 930
1
1
1
0 113 771
1
0 132 739
0 530 772
0 592 610
1
0 591 602
0 298 883
0 583 318
0 7 138
0 415 300
1
0 866 990
1
0 709 298
1
1
1
0 277 117
1
1
0 142 969
1
0 349 810
0 138 266
1
1
1
0 873 388
0 794 371
0 230 101
1
1
0 213 953
1
0 20 482
1
0 513 144
1
0 720 925
0 179 912
1
1
1
0 138 258
1
0 582 258
0 252 795
1
1
0 771 396
1
1
1
1
0 137 707
1
1
1
0 796 555
1
1
1
0 111 786
0 37 800
0 671 922
0 418 919
1
0 302 281
1
1
1
0 84 717
1
1
0 404 585
1
0 692 984
1
1
1
1
1
0 239 343
0 230 979
1
1
1
1
1
1
1
0 94 584
1
1
0 62 399
0 818 192
1
1
0 320 89
0 29 65
0 227 625
0 284 614
1
1
0 505 716
1
1
1
0 604 661
1
1
0 185 105
1
1
1
0 709 986
1
1
0 22 813
1
0 721 365
0 187 604
0 198 807
0 311 869
0 549 835
1
0 389 340
1
1
0 586 802
1
1
0 126 711
0 719 500
0 134 500
1
0 365 248
1
0 110 285
0 611 807
1
0 42 560
1
0 745 249
0 564 693
0 548 444
1
0 561 772
1
1
0 732 724
0 306 340
1
0 826 917
1
0 371 531
0 749 27
1
1
0 839 413
0 889 221
0 278 523
1
0 221 482
1
1
1
0 63 24
1
0 374 756
0 512 508
0 846 234
0 474 984
0 890 781
0 139 455
1
1
0 696 524
0 459 602
0 544 188
1
1
0 553 609
0 335 189
1
1
1
0 102 50
0 653 934
0 752 972
1
1
1
0 313 644
1
0 459 331
0 440 728
0 363 27
1
1
1
1
1
1
1
0 87 524
1
1
1
1
0 433 882
0 630 70
1
0 204 887
0 244 297
1
479 869
817 222 183 820 454 847 824 663 292 954 249 425 291 771 140 354 967 461 513 285 704 972 465 306 557 546 796 693 605 838 179 782 556 840 279 543 532 590 881 577 17 203 823 575 140 386 397 809 121 743 306 786 673 407 807 626 569 531 707 678 145 961 770 387 686 539 521 502 120 38 388 439 901 891 232 441 356 786 609 300 530 810 797 316 889 618 711 135 420 860 590 370 836 68 707 701 494 126 646 914 787 197 433 130 862 460 611 568 138 1 191 804 673 965 219 49 646 38 690 672 453 165 770 739 837 456 366 658 420 25 309 842 787 389 721 377 438 662 177 419 302 521 407 144 415 521 651 475 858 946 407 925 860 390 656 672 156 500 203 508 289 580 550 502 994 621 803 828 12 935 833 2 48 913 210 64 771 12 789 769 588 774 838 198 753 864 809 905 418 728 827 955 540 680 257 726 359 981 383 979 889 265 794 13 961 361 95 156 605 56 250 420 516 34 647 947 92 834 172 23 166 981 461 245 229 900 703 731 523 710 13 479 220 555 431 997 8 202 245 629 933 884 729 603 403 695 42 245 222 860 770 297 24 321 713 316 796 664 543 580 436 662 166 55 772 861 493 649 237 619 463 610 619 880 306 806 696 500 456 11 102 423 313 79 0 358 807 415 530 317 281 257 740 311 393 587 468 88 582 977 385 716 394 771 912 509 677 205 691 881 632 318 613 849 827 337 255 851 584 246 406 745 341 58 154 513 398 339 73 219 217 446 498 141 840 9 443 690 458 288 300 654 930 852 177 620 23 959 28 945 35 826 712 526 460 200 783 506 501 192 741 694 230 598 546 767 448 530 692 887 114 464 819 948 863 455 908 63 925 914 479 399 0 554 888 852 829 282 881 380 639 641 775 33 141 595 345 777 250 160 60 716 188 756 929 346 94 278 533 891 246 89 616 357 703 982 759 761 184 752 18 374 899 798 327 372 551 980 861 739 199 411 26 946 680 36 925 976 599 929 628 198 241 452 600 811 753 742 228 215 949 442 217 112 449 463 397 0 443 218 912 605 789 337 990 192 903 865 719 654 274 561 154 698 390 356 901 905 140
1
1
1
1
1
1
1
0 262 981
0 466 721
1
1
0 462 452
0 143 87
0 245 813
0 222 990
1
0 235 449
1
0 52 944
1
1
0 6 21
1
1
0 389 834
0 277 474
1
0 117 44
0 11 39
1
0 344 328
1
0 193 484
1
1
0 139 161
1
0 463 56
1
0 84 37
1
1
1
1
0 245 591
0 461 512
1
1
1
0 56 855
0 385 164
1
0 35 254
1
0 370 260
0 285 831
0 114 721
1
1
1
1
0 160 274
1
1
0 163 926
0 286 12
1
1
1
0 106 944
1
0 462 477
1
0 383 558
1
0 295 397
0 276 73
1
1
1
1
0 468 466
0 375 179
1
1
0 459 341
1
0 201 950
1
0 411 67
1
1
0 237 50
1
0 340 941
1
0 358 325
0 93 298
1
0 358 215
0 118 316
1
1
1
0 232 890
0 188 303
0 241 641
1
1
0 167 668
1
0 224 256
1
0 317 210
0 202 744
0 264 816
1
0 352 962
1
1
0 413 996
1
1
0 208 663
0 420 518
0 329 806
1
0 60 526
0 409 61
1
0 321 751
1
0 28 564
1
1
1
0 35 507
0 71 171
1
0 423 786
1
1
0 127 91
0 36 552
1
1
1
1
0 191 521
1
0 397 388
0 303 822
1
1
0 143 650
1
0 132 270
0 83 570
1
1
0 42 3
0 426 828
1
1
1
0 226 545
1
1
0 170 190
1
0 475 164
1
1
0 188 282
0 4 90
0 460 504
0 79 507
1
1
1
0 17 803
0 275 255
0 202 227
0 431 703
0 399 671
0 354 915
1
0 55 158
0 45 733
1
1
0 241 570
0 208 929
0 445 804
0 251 251
0 217 589
0 130 264
1
0 248 150
1
0 257 235
0 342 266
0 164 738
0 226 302
0 45 441
1
0 278 492
0 309 819
1
0 418 857
1
0 265 682
1
1
1
0 280 692
1
0 460 713
0 257 294
1
0 322 604
0 306 131
0 99 719
0 54 481
0 45 900
1
0 266 411
1
1
0 388 353
1
0 258 760
1
0 161 154
0 136 161
1
1
0 66 763
0 186 4
1
0 224 685
0 369 502
1
0 122 487
0 24 549
1
0 169 175
1
0 176 910
0 269 515
1
1
1
1
0 315 268
1
0 312 505
1
0 225 466
1
1
0 362 408
0 107 152
1
1
1
1
0 374 417
0 286 124
0 101 414
1
0 115 259
0 98 247
1
1
1
1
1
1
0 109 506
1
1
0 214 866
0 428 960
0 324 934
0 102 995
0 205 251
0 111 28
1
1
0 196 149
0 18 361
1
1
0 439 551
0 97 275
0 286 430
0 92 959
1
1
0 291 777
0 250 979
1
1
1
1
1
1
1
1
1
0 17 392
0 22 934
0 452 790
1
1
1
1
0 309 476
1
1
1
1
0 11 70
1
0 469 160
1
1
1
0 223 506
1
1
1
0 412 999
0 142 997
1
0 415 179
1
0 191 938
0 267 24
0 342 549
0 132 36
1
0 14 761
1
0 391 418
0 250 632
0 161 250
1
1
0 31 22
1
1
1
1
0 455 197
0 48 426
0 439 655
1
1
1
0 34 756
0 293 322
1
1
1
0 262 886
1
1
0 9 238
0 339 534
1
0 21 480
0 232 625
1
1
1
0 158 761
1
0 477 702
1
0 266 695
1
0 219 359
1
1
0 464 580
0 136 619
0 278 556
0 291 675
1
1
0 100 859
0 427 615
0 39 825
0 141 872
1
0 284 659
0 449 831
1
1
0 54 197
0 76 982
0 29 362
1
1
1
1
0 429 47
0 431 938
0 1 184
0 292 756
1
1
1
0 370 363
1
0 363 935
0 233 767
0 192 701
1
1
0 409 957
0 179 123
0 323 72
1
0 267 981
0 452 564
0 277 471
1
0 335 26
1
0 425 301
1
1
1
0 208 765
1
0 425 103
0 428 359
1
1
1
1
1
1
1
0 19 323
0 270 31
0 138 53
1
0 246 867
0 197 751
0 311 655
0 446 326
0 142 650
1
1
0 306 691
0 218 646
1
0 126 220
1
1
0 360 483
1
0 82 615
0 388 254
1
0 138 767
1
0 142 662
0 362 371
1
1
1
1
0 148 871
1
1
0 6 810
0 466 30
0 146 742
0 403 380
1
1
1
0 336 478
1
1
1
1
0 307 289
1
1
0 388 359
0 307 676
0 398 199
0 281 398
0 227 68
1
1
1
0 371 908
1
1
1
1
1
0 403 435
1
1
0 428 523
0 8 38
1
1
1
0 62 649
1
1
1
0 282 335
0 405 751
0 15 869
1
1
1
1
1
1
0 268 315
1
1
0 234 845
0 32 523
1
1
0 368 697
0 3 896
1
1
1
1
1
1
0 452 69
0 148 442
0 418 573
1
0 144 354
1
0 275 752
1
1
1
0 434 240
1
1
0 158 987
1
0 412 314
1
0 135 174
0 397 19
0 124 418
0 428 763
0 374 806
1
0 303 752
1
0 49 732
1
1
1
1
1
1
1
1
1
0 27 619
1
0 353 762
1
0 107 347
1
0 287 363
0 347 509
0 371 722
1
0 13 937
0 422 829
1
1
0 148 916
0 280 878
0 132 555
1
1
1
0 381 133
1
0 451 729
1
1
1
1
0 309 488
1
1
0 125 184
0 304 417
1
0 409 197
0 159 112
0 169 439
0 201 717
0 181 483
1
1
0 417 530
0 178 718
0 226 666
1
0 279 516
1
0 444 951
0 204 746
1
0 257 878
0 344 795
1
0 441 821
0 419 805
1
1
0 380 899
1
1
0 333 175
1
1
0 360 853
1
0 416 255
0 131 654
1
1
0 351 434
1
1
1
0 303 699
1
1
0 54 408
0 282 43
1
1
0 419 298
1
0 461 874
0 23 294
0 426 947
0 161 746
0 478 537
0 282 217
1
1
1
0 451 271
1
0 302 587
1
0 399 744
1
1
1
1
1
0 387 223
0 230 875
1
0 311 904
0 422 598
0 152 288
1
1
1
1
1
0 428 287
1
1
1
0 208 132
1
1
1
1
0 108 49
0 395 224
0 323 696
0 107 290
0 58 573
1
1
1
0 441 555
1
0 256 564
0 420 258
0 326 896
0 390 781
0 164 470
1
1
0 226 327
1
1
1
1
0 377 736
1
0 46 799
1
1
1
0 128 310
0 53 130
1
0 243 241
1
0 248 33
0 260 434
0 158 37
1
1
0 316 61
0 357 101
1
1
0 449 488
0 111 109
0 383 633
0 239 985
1
1
0 417 805
1
1
0 378 503
1
0 365 853
0 196 675
0 94 714
1
0 162 458
1
1
0 16 123
0 349 653
1
0 396 851
1
0 119 552
1
1
1
1
1
1
1
0 240 330
1
1
1
0 418 307
1
0 281 20
0 232 629
0 159 158
1
0 423 915
0 265 883
1
0 307 234
1
1
1
0 7 995
0 150 331
1
0 368 784
1
1
0 358 377
0 392 864
1
0 56 299
0 343 667
1
1
1
1
1
0 143 199
0 206 751
1
0 232 555
1
0 205 110
0 303 760
1
1
1
1
0 476 700
0 103 913
1
0 211 403
1
1
1
0 445 514
0 327 540
1
1
0 430 819
0 82 21
0 157 818
1
1
0 465 980
0 178 782
0 451 463
0 408 481
1
1
0 224 287
1
0 184 492
1
1
1
1
1
1
0 170 338
1
1
1
1
1
0 343 513
1
1
1
1
0 309 848
0 98 907
1
0 323 935
1
1
1
0 217 528
1
0 427 111
348 776
15 414 270 509 34 51 460 255 67 918 797 624 516 196 683 601 161 431 741 773 747 964 749 516 590 782 995 882 587 65 792 813 478 608 636 690 585 719 145 201 496 602 638 76 691 212 965 692 31 529 348 228 965 836 872 388 978 25 973 592 525 301 663 350 140 529 981 884 559 516 329 455 251 77 657 340 272 604 225 964 916 394 742 56 830 477 556 145 323 533 218 370 373 450 625 76 727 891 248 209 731 352 3 266 924 385 127 329 596 77 15 295 966 468 522 103 773 989 987 993 108 305 192 393 660 942 420 294 817 789 229 867 725 453 7 568 187 718 703 642 149 486 40 415 951 503 441 995 378 790 429 62 730 958 745 684 832 59 178 228 137 704 869 513 317 498 565 147 97 882 657 727 805 303 851 971 558 169 866 579 614 983 64 328 671 490 341 347 651 0 410 414 263 195 959 883 900 711 518 403 861 303 645 184 283 152 152 460 556 988 548 248 295 752 926 845 562 519 290 943 333 510 12 308 460 741 675 562 480 236 624 886 767 556 172 694 456 505 31 760 328 863 322 313 623 666 662 127 419 276 58 342 868 787 961 215 767 441 345 52 683 834 725 230 23 297 893 624 42 219 657 369 177 546 473 933 181 444 840 997 339 914 260 570 474 113 152 822 448 236 378 708 821 416 277 986 686 870 848 886 683 765 117 702 258 478 835 191 402 886 108 431 336 895 56 35 678 919 865 969 311 224 564 799 748 206 886 323 427 932 925 848 562 767 347 720 336 410 159 244 405 944 499 789 44 605 831 223
0 124 486
1
1
1
0 162 142
0 159 546
0 229 290
1
0 271 930
1
1
0 130 581
1
1
0 147 280
1
1
0 200 217
1
1
0 13 776
0 247 158
0 271 952
0 118 383
1
1
0 120 479
0 148 549
1
0 183 463
1
1
0 119 557
1
1
1
0 322 148
0 162 809
1
1
1
1
1
1
1
0 269 243
1
0 130 736
0 1 489
0 80 454
0 52 598
0 177 971
1
1
0 249 110
1
1
0 61 429
1
0 151 589
0 56 456
1
1
0 308 102
0 239 154
1
1
1
0 279 322
1
1
0 75 788
0 48 241
0 312 313
0 208 532
0 218 403
0 124 96
1
0 182 567
1
0 117 86
1
1
1
0 202 46
1
1
0 116 93
1
0 296 531
1
0 102 832
1
1
0 346 629
0 315 80
1
1
1
1
1
1
1
1
1
1
1
0 193 71
0 105 824
0 55 140
0 155 112
0 128 709
0 157 107
1
0 293 271
1
1
1
1
1
1
1
0 330 940
0 82 580
0 128 88
0 179 346
1
0 306 308
1
0 65 4
1
0 88 635
0 173 954
1
0 339 828
1
1
0 252 930
1
0 305 882
0 0 621
1
1
1
0 256 151
1
1
1
1
0 160 70
1
1
1
1
0 326 695
0 24 47
0 188 258
1
0 10 746
1
1
1
1
0 299 385
0 40 711
1
0 195 4
1
0 304 639
1
1
0 39 271
0 336 718
0 7 448
0 236 274
1
0 21 347
1
1
0 243 227
1
1
1
0 50 335
1
1
1
0 205 323
0 60 724
0 23 46
0 103 770
0 202 657
0 245 900
0 314 431
0 89 812
0 264 149
0 87 743
0 62 164
0 111 576
1
1
0 306 575
0 104 980
1
0 250 809
1
0 252 826
1
0 344 108
1
1
1
0 339 613
0 216 673
0 126 532
1
1
1
1
1
0 163 779
1
1
1
1
0 103 396
0 93 353
1
0 222 681
0 23 747
1
0 193 980
0 188 628
1
0 226 760
0 78 717
0 56 481
1
1
0 62 252
1
1
1
0 4 14
0 251 299
1
0 246 940
0 144 926
0 203 483
1
0 323 524
1
0 14 931
0 213 10
1
0 301 974
1
0 284 153
0 186 173
1
1
0 272 438
1
1
0 306 253
1
1
0 269 556
1
1
0 281 130
1
1
0 324 272
0 93 913
0 22 82
1
0 17 869
0 237 686
1
1
0 147 52
1
0 53 96
1
0 71 716
1
0 277 670
1
0 339 834
0 142 800
0 300 322
1
0 213 521
0 2 598
1
0 105 847
0 5 357
0 96 691
0 0 370
1
0 5 45
1
1
1
1
1
0 59 955
0 87 687
1
0 343 764
0 51 518
1
1
1
1
0 191 126
1
0 77 739
0 273 346
0 29 760
1
0 215 853
1
0 8 483
0 233 601
0 78 25
1
0 335 734
0 117 527
0 40 295
0 339 462
0 268 128
0 318 227
1
1
1
0 54 152
0 123 721
1
1
1
0 197 28
1
0 192 730
1
1
1
1
1
0 205 775
0 9 948
0 255 700
0 234 877
0 33 942
1
1
1
1
1
1
1
0 198 832
1
0 304 617
1
1
0 135 446
1
0 280 981
1
1
0 12 677
0 182 947
1
0 279 945
1
1
0 245 474
0 165 139
1
1
0 326 445
0 120 737
1
0 192 698
1
1
0 116 681
0 15 31
1
0 205 349
1
1
0 41 72
0 110 358
1
0 144 249
1
0 292 719
0 220 857
1
0 204 809
1
1
1
0 143 300
0 52 956
0 233 46
0 130 734
1
0 302 483
0 155 703
0 329 46
0 29 993
1
1
1
1
0 64 356
1
1
0 61 340
1
1
1
1
0 109 390
1
0 183 883
0 52 754
1
1
0 278 53
0 196 827
0 193 963
0 47 789
0 177 362
0 144 446
0 34 735
1
1
1
0 72 746
0 320 105
1
1
0 140 564
1
0 277 533
0 242 601
0 63 329
1
0 14 86
1
1
1
0 158 337
1
1
1
0 5 279
0 80 878
1
0 80 869
0 168 857
0 226 122
0 321 897
1
1
0 205 810
1
0 88 643
1
1
0 340 578
0 327 692
0 47 572
1
1
0 143 49
1
1
1
0 279 65
1
0 168 704
0 133 846
0 329 26
1
0 287 121
1
0 185 112
1
0 152 981
1
0 227 702
0 180 933
0 159 748
1
0 92 62
0 203 538
1
1
0 198 504
0 292 347
1
1
0 273 367
1
1
1
0 205 896
0 325 473
1
0 251 598
0 142 772
0 229 981
1
1
0 231 476
1
1
0 257 609
1
1
1
0 189 56
0 246 277
0 67 583
0 147 632
0 138 10
1
1
1
0 269 374
0 55 72
1
1
1
1
0 315 190
0 216 969
0 167 31
1
0 213 247
1
1
0 198 577
0 124 446
0 30 907
1
0 108 237
1
1
0 183 48
0 303 65
0 107 886
0 182 741
1
0 93 439
0 268 304
1
1
1
1
1
0 145 16
0 220 65
0 135 936
0 244 516
0 215 681
0 239 478
0 288 706
1
1
0 47 738
0 33 254
1
1
0 12 937
0 94 375
0 118 868
0 210 183
0 126 703
1
0 304 826
0 181 831
0 110 280
1
1
1
1
1
1
0 341 798
1
0 247 299
0 91 809
0 124 102
0 256 558
1
1
0 141 448
1
0 151 423
0 342 897
1
1
0 182 137
1
1
0 286 3
1
1
0 58 775
1
0 222 275
0 324 335
0 60 782
1
0 66 379
1
1
0 11 764
1
1
1
1
1
1
1
0 166 182
1
0 283 378
0 321 234
1
1
1
0 112 918
0 177 277
1
0 321 681
0 139 641
1
1
0 72 217
0 16 47
1
1
0 161 251
1
1
1
1
0 302 548
0 64 491
1
1
1
0 96 238
1
1
1
0 158 794
0 324 228
1
0 51 738
0 189 707
0 190 738
0 138 441
1
1
1
1
0 61 604
0 345 403
0 192 359
1
1
1
1
1
0 297 873
0 159 137
0 57 763
0 341 910
0 188 78
0 185 535
0 97 280
1
0 187 908
0 342 908
0 140 210
1
0 31 171
0 97 247
1
0 204 208
1
1
1
0 161 9
0 167 974
1
0 285 415
0 179 488
1
0 303 723
1
0 112 331
0 25 596
0 27 959
0 236 642
0 308 777
1
1
0 10 382
1
0 327 203
0 280 206
0 343 476
1
1
0 119 657
0 340 998
1
0 271 16
0 328 177
1
1
1
0 188 977
1
0 101 639
0 128 816
0 46 360
1
0 171 529
0 249 728
1
1
0 163 906
1
1
0 169 692
0 114 187
0 189 512
0 21 108
0 34 593
1
1
0 265 939
1
0 183 756
1
1
1
0 113 524
0 48 642
1
1
1
1
0 126 304
0 330 90
0 287 741
1
1
1
0 183 684
1
1
1
1
0 338 394
