Case 1:
1197474
1197474
1626232
1412032
1028964
1028964
1028964
1028964
1028964
1018222
1020790
919898
650048
656184
633876
633876
633876
761332
761332
864916
864916
1077610
1152412
1152412
1152412
1137292
1177076
1079184
1079184
1217754
1246356
915314
1052834
1052834
1052834
1043734
1043734
1043734
1042240
1104232
1223464
1223464
1223464
1020332
1020332
1020332
1020332
1001084
914506
899674
895362
795482
815484
854854
854854
854854
939954
939954
1148610
1148610
1136578
1136578
1169736
1138866
1138866
1040672
1040672
1154192
1133384
1133384
1133384
1206914
1552826
1447660
1207252
1249154
1116980
1116980
1264660
1621556
1621556
1621556
1769206
1622662
1559082
1784750
1784750
1853360
1853360
1853360
1853360
1853360
1853360
1780070
1780070
1773722
1773722
1773722
1778354
1961490
1961490
2176510
2116568
1963294
1963294
1963294
1496700
1155464
1199592
1094250
1094250
1094250
1113380
1120296
1075144
1020152
1020152
1020152
1020152
1134652
1214446
1214446
1214446
1214446
1214446
1214446
789936
789936
789936
665800
665800
665800
684300
684300
684300
980948
980948
980948
907168
907168
907168
907168
907168
1011268
1011268
1011268
1011268
1084158
1084158
1084158
1117172
1117172
1226612
1263550
1263550
1263550
1265542
1265542
1152506
1182184
1182184
1106830
1092102
1176916
1176916
1176916
1176916
1476216
1475586
1475586
1475586
1326348
1197540
1152400
1152400
1159498
1159498
1145298
1145298
1145298
1145298
1145298
1145298
1125212
887510
887510
887510
840590
762272
630558
630558
630558
630558
999782
999782
999782
990604
990604
1030924
1030924
1030924
1030924
1030924
991960
985120
937072
888760
616122
616122
616122
675218
668314
790702
1006174
1006174
1006174
1006174
1034110
1038246
1038246
968780
968780
873388
873388
873388
1032764
1032764
1032764
1086376
961980
1296460
1296460
1362760
1362760
1371248
1371248
1371248
1371248
1249952
1280960
1280960
1280960
1328640
1328640
1709228
1709228
Case 2:
-321754
-248076
-130096
-130096
147254
343782
137278
267374
267374
267374
286418
286418
286418
275390
275390
275390
275390
293138
293138
293138
284354
412338
412338
485552
485552
579410
579410
579410
579410
579410
465682
465682
579954
743484
812176
812176
812176
827776
827776
679348
698274
519038
729518
729518
729518
1265382
1265382
1366918
1423484
1423484
1342800
1317362
1554168
1554168
1554168
1554168
1730230
1730230
1650874
1422904
1306522
1240642
1240642
1240642
1243544
1173364
1173364
952036
1084230
969036
1061092
1061092
1061092
907122
907122
907122
907122
1054182
1063776
1063776
1063776
1063776
1026256
1026256
1065156
1170182
1170182
1170182
1227266
1245482
1245482
1245482
1245482
837364
837364
837364
844068
844068
1024570
882894
1131270
1014010
1014010
1014010
941966
941966
982314
1141540
1141540
1145488
1089168
962504
833750
833750
321160
321160
321160
321160
334262
223574
154454
77110
101122
-8468
-8468
-52568
-52568
-52568
-52568
-52568
53224
-10926
-10926
-10926
-10926
-10926
43608
43608
-135522
-145550
-145550
-145550
-145550
-367050
-530922
-505162
-505162
-558146
-525442
-514686
-514686
-514686
-514686
-514686
-514686
-540902
-540902
-540902
-540902
-540902
-540902
-540902
-540902
-540902
-415414
-415414
-225880
-265050
-300130
-300130
-322188
-264404
-276226
-288106
-222512
-151756
-213644
-213644
-213644
-201716
-201716
-201716
-201716
-115866
-115866
-115866
-18910
-18910
-18910
299824
299824
26312
33380
33380
33380
33380
131012
131012
118492
118492
118492
118492
118492
60082
60082
84562
88268
39398
33616
117886
117886
160636
160636
236616
236616
143504
143504
-164726
-164228
-164228
-164228
-164228
-164228
38542
-77690
-77690
-370098
-370098
-222286
-317666
-327270
-327270
-327270
-419310
-503758
-569616
-569616
-569616
-433188
-433188
-433188
-433188
-346508
-346508
-346508
-346508
-346508
-346508
-170624
-170624
-167184
-175248
63648
63648
63648
63648
361802
497990
496206
496206
523066
523066
523066
523066
523066
523066
620506
269136
269136
397990
397990
511514
511514
403500
403500
403500
507542
518792
518792
518792
518792
518792
518792
529964
529964
529964
529964
531836
545420
487714
487714
487714
487714
707332
701578
701578
701578
701578
799018
799018
Case 3:
1473104
1924548
1776422
1776422
1282132
1215784
1168516
1168516
1051402
344964
245172
245172
245172
206172
206172
870414
870414
372466
372466
372466
249738
253122
253122
253122
222602
222602
222602
222602
222602
562638
562638
562638
699548
357988
528556
339984
-144118
479880
554886
554886
942582
942582
942582
942582
1157494
1157494
1131566
1365206
2345546
2505450
2505450
2505450
1933674
2455818
2118808
1741618
1741618
1741618
1741618
1741618
2000276
2396420
2396420
2451538
2534006
2845086
2722150
2722150
1983422
2041640
2041640
2041640
2070200
1925456
2137234
2137234
2137234
2137234
2384322
2387328
2458992
2458992
2351994
2286108
2286108
2286108
2084724
2084724
2084724
2084724
2153928
2463314
2463314
2463314
2809350
2809350
2827704
2827704
2827704
3022026
3022026
2549690
2549690
2658992
2284932
3463094
3463094
3463094
3463094
3670670
3192178
3132530
3132530
3211888
3049964
3049964
3049964
3072644
3072644
3037266
2963674
2821828
2993664
2433998
2433998
2374328
2374328
2374328
2384376
2760136
2760136
2689256
2689256
2689256
3153170
3153170
3508468
3508468
3508468
3508468
3680788
3680788
3680788
3718232
3718232
3543648
3550910
3550910
3550910
4209598
4209598
4239278
4227214
4227214
4227214
4359214
4359214
4359122
4359122
4359122
4411578
4264812
3835858
3227934
3078510
3078510
3078510
2927646
2927646
3251856
3362054
3362054
3362054
3426998
3426998
3814438
3958938
4026122
3981290
3981290
3981290
3976378
4217540
4217540
3964564
3964564
3964564
3964564
4226364
4226364
4226364
3935736
3935736
3935736
4905030
4829812
4829812
4829812
5276008
5276008
5321436
5091726
5091726
5091726
5091726
5091726
5302818
5302818
5302818
5302818
5302818
5302818
5302818
5383548
5383548
5445776
5445776
5306282
5306282
5248922
5248922
5248922
5268956
5268956
5159236
5159236
5159236
4795972
4795972
4834042
5377246
5407262
5407262
5435744
5435744
5542126
5574126
5465916
5428840
5760942
5811518
5811518
5494266
4967724
5452572
5452572
6070024
6274312
6274312
6274312
6197148
5983118
5983118
5792074
5792074
5632722
5632722
5632722
4636458
4636458
4636458
4749450
4598670
4598670
4598670
4598670
4598670
4598670
4598670
4435422
4435422
4435422
4435422
4638172
4657438
Case 4:
736266
736266
736266
736266
736266
736266
736266
781404
781404
937332
932948
1034302
1034302
660104
660104
525880
351328
319618
301586
301586
249986
375874
111754
111754
111754
111754
155710
155710
155710
461282
343370
387102
387102
387102
387102
384732
384732
523910
523910
523910
612488
601338
600186
667568
667568
667568
667568
858514
858514
804394
856454
864022
864022
863414
733932
842980
778652
778652
778652
777274
777274
754234
755044
849140
792640
792640
570268
570268
287204
705802
704818
687516
687516
687516
700692
705108
705108
586220
586220
586220
586220
544556
660952
660952
769048
737658
737658
310980
310980
310980
306872
306872
218138
308762
308762
382116
382116
382116
155080
117492
117492
117666
118962
113176
119048
-121886
-112578
-112578
-112578
-160958
-255460
-223082
-218654
-218654
-61310
-69556
-193074
-193074
-194672
-81702
-151364
-257764
-234010
-234010
-234010
-234010
-223522
-207754
-219906
-219906
-373518
-373518
-373518
-373518
-203734
-264172
-264172
-264172
-264172
-264172
-264172
-132872
-132872
-344092
-344092
-429336
-429336
-228422
-228422
-287100
-287100
-287100
-287100
-287100
-287100
-287100
-287100
-287100
-510136
-510136
-510136
-510136
-462116
-462116
-462116
-462116
-447980
-220740
-220740
-220740
-212388
-212388
-212388
-230446
52210
18868
298318
388720
388720
72560
72560
72560
72560
262382
262382
262382
456764
456764
456764
461134
461134
82574
-135648
-135648
-135648
-45252
51376
36040
49480
49480
333944
333944
659196
341166
341166
240242
240242
240242
240242
393178
393178
393178
366192
300294
300294
-84218
-41306
-44570
-18158
-18158
-18158
-28326
272508
272508
272508
272508
272508
272508
272508
290964
321026
321026
265894
232898
232898
295334
267688
411916
423346
423346
423346
423346
425712
425712
1247354
1247354
1247354
1240564
1240564
1240564
1240564
1229140
1229140
1147624
1147624
1147624
1030408
1030408
1030408
1030408
1030408
1012368
1012368
833028
833028
833028
790194
790194
790194
884562
884562
884562
884562
884562
884562
880038
880038
870516
870516
905098
905098
905098
905098
905098
905098
1139562
1127972
1092188
1092188
1092188
1263788
1263788
1300400
1537410
1319670
1328630
1324450
1324450
1324450
1324450
1324450
1324450
1324450
1324450
1324450
1293074
1239266
1290746
1442042
1542694
1542694
1724776
1724776
1724776
1800320
1678632
1678632
1678632
1678632
1676952
1676952
1679286
1859822
1859822
1942860
1902460
1743500
1624406
1353634
1353634
1235194
1235194
1228802
1228802
1139262
1277070
1277070
1364878
1364878
1364878
1371662
1371662
1474844
1474844
1657364
1319592
1319592
1319592
1513784
1489466
1466106
1466106
1466106
1466106
1466106
1499086
1448248
1448248
1448248
1448248
1448248
1628176
1628176
1628176
1588930
1588930
1588930
1588930
1512976
1512976
1512976
1620440
1552712
1552712
1543898
1543898
1543898
1543898
1358150
1513322
1513322
1513322
1385858
1388754
1237044
1237044
1362500
1362500
1505696
1505696
1407796
1407796
1525112
1550706
1536538
1536538
1224354
1065470
1036670
1036670
1036670
1036670
1036670
1036670
1036670
1037876
1037876
1037876
1133104
1172272
1114348
1174460
1174460
1174460
1314980
1292534
1292534
1226744
1061728
1061728
1061728
1061728
1061728
1018432
1017396
1000000
1000000
1000000
1000000
1308250
1307298
1307298
1307298
1391402
1391402
1020198
1020198
607998
607998
596058
567348
567348
567348
567348
567348
567348
587772
587772
587772
587772
587772
619804
619804
619804
619804
755524
715372
715372
715372
712688
Case 5:
-610328
-610328
-610328
-623821
-733216
-733216
-702592
-702592
-740487
-740487
-706355
-706355
-596066
-596066
-547648
-550213
-550213
-597737
-597737
-597737
-458844
-458844
-458844
-458844
-458844
-458844
-458844
-463428
-605257
-605257
-580191
-580191
-551391
-650346
-650346
-490260
-490260
-490260
-347835
-347835
-247509
-256060
-358099
-358099
-358099
-323956
-323956
-402156
-364181
-245634
-245634
-188679
-188679
-188679
-188679
-188679
-188679
-188679
-188679
-188679
-188679
-188679
-211884
-177229
-177229
-177229
-177229
-177229
-177229
-177229
-265518
-125863
-239788
-185785
-379089
-379089
-388823
-284793
-284793
-284793
-183153
-183153
-183153
-183153
-184962
-184962
-184962
-184962
-277667
-294344
-294344
-294344
-294344
-111188
-73391
-172832
-172832
-191133
-379318
-379318
-367364
-367364
-367364
-370575
-370575
-370575
-528598
-528598
-591569
-706472
-690144
-711968
-711968
-711968
-639598
-639598
-639598
-639598
-639598
-634012
-634012
-634012
-634012
-702363
-556255
-602436
-511514
-511514
-491890
-491890
-491890
-492005
-551431
-469206
-331476
-384771
-309630
-309630
-361047
-361047
-275717
-275717
-335500
-335500
-166940
-166940
-135605
-21498
-21498
-33582
-211922
-158417
-205199
-139137
-67002
-53406
-158550
-158550
-158550
-158550
-158550
-85111
-5586
-5586
-5586
-5586
4494
271204
270540
270709
496208
496208
496208
357256
357256
357256
389357
372078
372078
372078
372078
372078
282966
282966
282966
282966
282966
282966
282966
267580
273322
273322
263928
127182
127182
172725
41272
41272
96087
96087
199943
201127
201127
88057
114895
114895
18006
-21937
-46495
-78581
-78581
-78581
67269
337957
337957
337957
337957
385261
385261
365236
365236
365236
365236
405613
348547
348547
585026
585026
585026
745869
745869
773674
759169
489614
489614
489614
494543
494543
494543
652689
527821
527821
498778
500146
500146
274353
274353
259042
259042
259042
444722
481092
640219
648913
659706
646437
592499
592499
696735
696735
692556
692556
692556
606237
481427
481427
528577
528577
500521
500521
500521
512344
512344
512344
530990
530990
530990
530990
473192
494838
494838
558916
511887
511887
770318
660740
660740
660740
660740
660740
672204
672204
520874
520874
661829
599654
599654
599654
599654
599654
599654
648564
599061
599061
596591
454995
454995
465263
465263
498788
498788
453050
486635
357205
357205
402705
402705
402705
402705
402705
402705
402705
396960
634593
634593
634593
629284
497350
497350
354053
354053
342728
342728
342728
342728
355588
355588
355588
285373
285373
285373
331747
385243
385243
385243
385243
526472
526472
526472
526472
526472
555184
512612
324593
361254
361254
361254
367463
298555
128133
-204324
-204324
-323352
89478
89478
-39482
220288
220288
220288
194217
147805
53497
53497
56164
56164
-91879
-91879
-209365
-222817
-222817
-222817
-115390
-115390
-115390
-115390
-27985
-27985
-27985
-26617
-26617
-26617
-26617
